[{"id": 0, "img_name": 0, "width": 512, "height": 512, "position": [-0.0, 3.4999999999999933, -1.5298985545086875e-07], "rotation": [[-1.0, -0.0, -0.0], [-0.0, -4.371138828673784e-08, -0.9999999999999981], [-0.0, -0.999999999999998, 4.371138828673784e-08]], "fy": 907.3232545158436, "fx": 907.3232545158436}, {"id": 1, "img_name": 1, "width": 512, "height": 512, "position": [0.10993766629012186, 3.4982728174831705, -1.5298984602403296e-07], "rotation": [[-0.9995065874000241, -1.373008094971352e-09, -0.03141076288254432], [0.03141076288254438, -4.3689820535667605e-08, -0.9995065874000222], [1.2317025708613447e-16, -0.999999999999998, 4.371138988791885e-08]], "fy": 907.3232545158436, "fx": 907.3232545158436}, {"id": 2, "img_name": 2, "width": 512, "height": 512, "position": [0.21976681415141847, 3.493093548845607, -1.5298986377657725e-07], "rotation": [[-0.9980267281077606, -2.7446606165861787e-09, -0.06279052045635505], [0.06279052045635518, -4.3625133845683374e-08, -0.9980267281077587], [-2.0421088125878262e-16, -0.999999999999998, 4.3711389925501426e-08]], "fy": 907.3232545158436, "fx": 907.3232545158436}, {"id": 3, "img_name": 3, "width": 512, "height": 512, "position": [0.3293791261846695, 3.4844668962025986, -1.529898603116776e-07], "rotation": [[-0.9955620300965916, -4.113605372904979e-09, -0.09410832019776424], [0.09410832764834556, -4.351739941972259e-08, -0.9955619704919406], [4.645017840540492e-17, -0.999999999999998, 4.371138892130835e-08]], "fy": 907.3232545158436, "fx": 907.3232545158436}, {"id": 4, "img_name": 4, "width": 512, "height": 512, "position": [0.4386663001203627, 3.4724016216688094, -1.5298984996002503e-07], "rotation": [[-0.9921147408198073, -5.4784895270430844e-09, -0.1253332220520509], [0.1253332369532126, -4.336671000595977e-08, -0.9921146812151594], [7.614818420318387e-17, -0.999999999999998, 4.371138395023678e-08]], "fy": 907.3232545158436, "fx": 907.3232545158436}, {"id": 5, "img_name": 5, "width": 512, "height": 512, "position": [0.5475206208205146, 3.456909326744672, -1.5298985842769032e-07], "rotation": [[-0.9876883774580574, -6.837967916479766e-09, -0.1564344732684023], [0.1564344732684026, -4.317323018698618e-08, -0.9876883774580554], [-3.7748804318322193e-16, -0.999999999999998, 4.3711388078073467e-08]], "fy": 907.3232545158436, "fx": 907.3232545158436}, {"id": 6, "img_name": 6, "width": 512, "height": 512, "position": [0.6558345931271715, 3.438005207128139, -1.5298985782980258e-07], "rotation": [[-0.982287267135335, -8.190698306247508e-09, -0.18738133459721928], [0.18738133459721965, -4.293714013677045e-08, -0.9822872671353331], [1.841675761966705e-16, -0.999999999999998, 4.371139178836584e-08]], "fy": 907.3232545158436, "fx": 907.3232545158436}, {"id": 7, "img_name": 7, "width": 512, "height": 512, "position": [0.76350130052673, 3.41570849910213, -1.5298984767215426e-07], "rotation": [[-0.9759167795805855, -9.535344158874477e-09, -0.21814324773182414], [0.21814324773182456, -4.265867729781743e-08, -0.9759167795805838], [2.1344594996097885e-17, -0.999999999999998, 4.371138920364595e-08]], "fy": 907.3232545158436, "fx": 907.3232545158436}, {"id": 8, "img_name": 8, "width": 512, "height": 512, "position": [0.8704146572957455, 3.3900410396843434, -1.5298984721959922e-07], "rotation": [[-0.9685831479315435, -1.0870580790425676e-08, -0.24868988471206743], [0.2486898996132279, -4.2338114956003e-08, -0.9685830883269017], [7.041870313195656e-16, -0.999999999999998, 4.3711382473811195e-08]], "fy": 907.3232545158436, "fx": 907.3232545158436}, {"id": 9, "img_name": 9, "width": 512, "height": 512, "position": [0.9764689066715446, 3.3610280151351875, -1.529898514941358e-07], "rotation": [[-0.960293716806651, -1.219508749128791e-08, -0.27899112239922863], [0.2789911223992292, -4.197576834463342e-08, -0.9602937168066492], [1.3996676194238185e-15, -0.999999999999998, 4.371138685074148e-08]], "fy": 907.3232545158436, "fx": 907.3232545158436}, {"id": 10, "img_name": 10, "width": 512, "height": 512, "position": [1.081559622899092, 3.328697885156073, -1.529898522525747e-07], "rotation": [[-0.9510565374374483, -1.3507562642926507e-08, -0.30901700174591007], [0.30901703154823296, -4.1571998825174074e-08, -0.951056477832802], [8.391920525970717e-17, -0.999999999999998, 4.371138378950801e-08]], "fy": 907.3232545158436, "fx": 907.3232545158436}, {"id": 11, "img_name": 11, "width": 512, "height": 512, "position": [1.185582758880263, 3.293082636534993, -1.5298985492428814e-07], "rotation": [[-0.9408807546526224, -1.4806704940270888e-08, -0.33873792733968927], [0.3387379273396899, -4.112720404462543e-08, -0.9408807546526204], [-1.3723214551980115e-16, -0.999999999999998, 4.3711388073247086e-08]], "fy": 907.3232545158436, "fx": 907.3232545158436}, {"id": 12, "img_name": 12, "width": 512, "height": 512, "position": [1.2884359113961488, 3.2542176661293025, -1.5298984912882588e-07], "rotation": [[-0.9297764682035542, -1.6091235929587975e-08, -0.36812456589807147], [0.36812456589807213, -4.064182018519864e-08, -0.9297764682035526], [-2.4511491705459607e-16, -0.999999999999998, 4.3711385647774846e-08]], "fy": 907.3232545158436, "fx": 907.3232545158436}, {"id": 13, "img_name": 13, "width": 512, "height": 512, "position": [1.3900176337730794, 3.2121413520502364, -1.5298985433086065e-07], "rotation": [[-0.917754667640679, -1.7359884938704346e-08, -0.397147871686936], [0.3971479014892597, -4.011632797527642e-08, -0.9177546080360314], [-3.863487009888552e-17, -0.999999999999998, 4.371138434490441e-08]], "fy": 907.3232545158436, "fx": 907.3232545158436}, {"id": 14, "img_name": 14, "width": 512, "height": 512, "position": [1.490227498617169, 3.166894687474979, -1.5298985448456759e-07], "rotation": [[-0.9048270553010641, -1.861140423994333e-08, -0.42577928162834067], [0.42577928162834144, -3.955124640016284e-08, -0.9048270553010622], [8.136787981859517e-16, -0.999999999999998, 4.3711387515399796e-08]], "fy": 907.3232545158436, "fx": 907.3232545158436}, {"id": 15, "img_name": 15, "width": 512, "height": 512, "position": [1.5889669235172184, 3.118522907787848, -1.5298985153580415e-07], "rotation": [[-0.8910065408099951, -1.984455703825715e-08, -0.4539905248955173], [0.45399055469784094, -3.8947129794121316e-08, -0.8910064812053479], [1.0614421953607098e-15, -0.999999999999998, 4.371138413577211e-08]], "fy": 907.3232545158436, "fx": 907.3232545158436}, {"id": 16, "img_name": 16, "width": 512, "height": 512, "position": [1.6861378234418316, 3.0670732226848525, -1.5298984402170833e-07], "rotation": [[-0.8763066932178146, -2.1058123193421428e-08, -0.481753666459229], [0.4817536962615516, -3.830458268355233e-08, -0.8763066336131694], [1.6434249378785906e-16, -0.999999999999998, 4.3711385942549836e-08]], "fy": 907.3232545158436, "fx": 907.3232545158436}, {"id": 17, "img_name": 17, "width": 512, "height": 512, "position": [1.7816449025750378, 3.012597079731643, -1.5298985369930227e-07], "rotation": [[-0.8607420131123436, -2.2250906617811682e-08, -0.5090414170836358], [0.5090414170836367, -3.7624228597280895e-08, -0.8607420131123418], [-4.860485618441897e-16, -0.999999999999998, 4.371138784485255e-08]], "fy": 907.3232545158436, "fx": 907.3232545158436}, {"id": 18, "img_name": 18, "width": 512, "height": 512, "position": [1.875394075025985, 2.9551476096656484, -1.5298986314346285e-07], "rotation": [[-0.8443278898834489, -2.3421737466247292e-08, -0.535826876360913], [0.5358268763609139, -3.6906747923900945e-08, -0.8443278898834473], [6.192166796790116e-16, -0.999999999999998, 4.371138997092791e-08]], "fy": 907.3232545158436, "fx": 907.3232545158436}, {"id": 19, "img_name": 19, "width": 512, "height": 512, "position": [1.967291719530543, 2.8947819183485284, -1.5298985754667848e-07], "rotation": [[-0.8270805973305366, -2.4569444917440472e-08, -0.5620833971874124], [0.5620833971874135, -3.615284161451118e-08, -0.8270805973305352], [1.3053478405342024e-15, -0.999999999999998, 4.3711391291422555e-08]], "fy": 907.3232545158436, "fx": 907.3232545158436}, {"id": 20, "img_name": 20, "width": 512, "height": 512, "position": [2.0572483042057423, 2.831559529967604, -1.5298986132187066e-07], "rotation": [[-0.8090169997366465, -2.5692908588194172e-08, -0.5877852419203661], [0.5877852419203672, -3.536325646078687e-08, -0.809016999736645], [-4.3336683152900635e-16, -0.999999999999998, 4.371138906081794e-08]], "fy": 907.3232545158436, "fx": 907.3232545158436}, {"id": 21, "img_name": 21, "width": 512, "height": 512, "position": [2.1451749598496397, 2.765542704341103, -1.5298985636694786e-07], "rotation": [[-0.7901550847035047, -2.6791019218986426e-08, -0.612907063153697], [0.6129071227583498, -3.453877264511882e-08, -0.7901550250988513], [1.53043518963784e-15, -0.999999999999998, 4.3711385121270316e-08]], "fy": 907.3232545158436, "fx": 907.3232545158436}, {"id": 22, "img_name": 22, "width": 512, "height": 512, "position": [2.230984041536597, 2.6967966100120937, -1.529898617697617e-07], "rotation": [[-0.7705132415818708, -2.786268449762333e-08, -0.6374239963423123], [0.6374239963423135, -3.368020161010556e-08, -0.7705132415818693], [1.2214850374117427e-17, -0.999999999999998, 4.371138632017069e-08]], "fy": 907.3232545158436, "fx": 907.3232545158436}, {"id": 23, "img_name": 23, "width": 512, "height": 512, "position": [2.3145916809933555, 2.625388518535612, -1.5298984885103952e-07], "rotation": [[-0.7501110142437274, -2.890686093643347e-08, -0.6613118987059169], [0.6613118987059181, -3.2788394019121255e-08, -0.750111014243726], [6.883146165785877e-16, -0.999999999999998, 4.371138538345945e-08]], "fy": 907.3232545158436, "fx": 907.3232545158436}, {"id": 24, "img_name": 24, "width": 512, "height": 512, "position": [2.3959148440621165, 2.5513899831247544, -1.5298984738893103e-07], "rotation": [[-0.7289686094743513, -2.9922506071751033e-08, -0.6845471161269449], [0.6845471757315901, -3.1864231005519966e-08, -0.7289685498697062], [7.33424639968926e-16, -0.999999999999998, 4.3711386476370685e-08]], "fy": 907.3232545158436, "fx": 907.3232545158436}, {"id": 25, "img_name": 25, "width": 512, "height": 512, "position": [2.4748739450959687, 2.4748739450959696, -1.5298986588956544e-07], "rotation": [[-0.7071068528928167, -3.0908619601609045e-08, -0.7071067932881635], [0.7071068528928167, -3.0908619601609045e-08, -0.7071067932881635], [-0.0, -0.999999999999998, 4.371138987073239e-08]], "fy": 907.3232545158436, "fx": 907.3232545158436}, {"id": 26, "img_name": 26, "width": 512, "height": 512, "position": [2.5513901710201115, 2.39591485259014, -1.5298984416962432e-07], "rotation": [[-0.6845471143144519, -3.186423148868513e-08, -0.7289686075442399], [0.7289686075442412, -2.992250297275975e-08, -0.6845471143144506], [-4.286389066696174e-17, -0.999999999999998, 4.371138582789094e-08]], "fy": 907.3232545158436, "fx": 907.3232545158436}, {"id": 27, "img_name": 27, "width": 512, "height": 512, "position": [2.625388830088892, 2.3145913843143844, -1.5298986441200922e-07], "rotation": [[-0.6613118837650358, -3.2788400975628666e-08, -0.7501111325130199], [0.7501111325130213, -2.8906863628850245e-08, -0.6613118837650346], [1.0190739451407762e-16, -0.999999999999998, 4.371139415928563e-08]], "fy": 907.3232545158436, "fx": 907.3232545158436}, {"id": 28, "img_name": 28, "width": 512, "height": 512, "position": [2.6967963092096556, 2.230984031109755, -1.5298984951966255e-07], "rotation": [[-0.6374239963423135, -3.368020260262582e-08, -0.7705132415818694], [0.7705132415818707, -2.7862688871421182e-08, -0.6374239963423123], [-1.3809213179738237e-15, -0.999999999999998, 4.3711387452463164e-08]], "fy": 907.3232545158436, "fx": 907.3232545158436}, {"id": 29, "img_name": 29, "width": 512, "height": 512, "position": [2.7655426055166146, 2.145174698257095, -1.529898553813043e-07], "rotation": [[-0.6129071227583499, -3.4538775926633616e-08, -0.7901550250988514], [0.7901550847035045, -2.67910207849798e-08, -0.6129070631536971], [-7.56549056586984e-16, -0.999999999999998, 4.371138901720655e-08]], "fy": 907.3232545158436, "fx": 907.3232545158436}, {"id": 30, "img_name": 30, "width": 512, "height": 512, "position": [2.8315596394391562, 2.0572480750116378, -1.529898517074658e-07], "rotation": [[-0.5877851668141304, -3.5363254809681056e-08, -0.8090170380051741], [0.8090170380051755, -2.5692903835882238e-08, -0.5877851668141293], [-3.316582828556232e-16, -0.999999999999998, 4.371138639618766e-08]], "fy": 907.3232545158436, "fx": 907.3232545158436}, {"id": 31, "img_name": 31, "width": 512, "height": 512, "position": [2.8947820287895953, 1.9672918897745277, -1.5298985203051191e-07], "rotation": [[-0.5620834102512033, -3.615283711052132e-08, -0.8270805288477492], [0.8270805884523942, -2.4569445105726318e-08, -0.5620833506465589], [3.265354325370208e-16, -0.999999999999998, 4.3711382736790765e-08]], "fy": 907.3232545158436, "fx": 907.3232545158436}, {"id": 32, "img_name": 32, "width": 512, "height": 512, "position": [2.9551477698099373, 1.8753937949569668, -1.5298986065390532e-07], "rotation": [[-0.5358268256040706, -3.690674937527093e-08, -0.844327997747251], [0.8443279977472526, -2.3421733759718743e-08, -0.5358268256040696], [1.3842785255193595e-15, -0.999999999999998, 4.371139290721297e-08]], "fy": 907.3232545158436, "fx": 907.3232545158436}, {"id": 33, "img_name": 33, "width": 512, "height": 512, "position": [3.0125971074216245, 1.781644948753175, -1.5298985648817977e-07], "rotation": [[-0.5090414406008296, -3.7624232381044416e-08, -0.8607420940590517], [0.8607420940590534, -2.2250907230712927e-08, -0.5090414406008286], [-4.302728937633576e-16, -0.999999999999998, 4.3711391413688975e-08]], "fy": 907.3232545158436, "fx": 907.3232545158436}, {"id": 34, "img_name": 34, "width": 512, "height": 512, "position": [3.067073472090898, 1.6861376938158465, -1.5298984658807983e-07], "rotation": [[-0.481753613997922, -3.8304584087202834e-08, -0.876306652001266], [0.8763067116059083, -2.105811850638369e-08, -0.48175358419560077], [-5.893682350725872e-16, -0.999999999999998, 4.371138320304807e-08]], "fy": 907.3232545158436, "fx": 907.3232545158436}, {"id": 35, "img_name": 35, "width": 512, "height": 512, "position": [3.1185227791386625, 1.5889667665730316, -1.529898519631532e-07], "rotation": [[-0.45399050647666883, -3.894713163348269e-08, -0.891006446170624], [0.891006505775265, -1.9844556140442745e-08, -0.4539904766743484], [9.513740833996818e-16, -0.999999999999998, 4.3711384173384226e-08]], "fy": 907.3232545158436, "fx": 907.3232545158436}, {"id": 36, "img_name": 36, "width": 512, "height": 512, "position": [3.166895039370511, 1.4902271803513776, -1.5298985421434354e-07], "rotation": [[-0.42577920707790706, -3.955125100007343e-08, -0.9048270868728084], [0.9048271464774568, -1.8611401180002948e-08, -0.4257791772755829], [-6.372743646942821e-16, -0.999999999999998, 4.3711384552943105e-08]], "fy": 907.3232545158436, "fx": 907.3232545158436}, {"id": 37, "img_name": 37, "width": 512, "height": 512, "position": [3.2121413520502364, 1.3900176337730794, -1.5298985433086065e-07], "rotation": [[-0.3971479014892597, -4.011632797527641e-08, -0.9177546080360314], [0.9177546676406791, -1.7359884938704346e-08, -0.397147871686936], [3.863486838181886e-17, -0.999999999999998, 4.371138434490441e-08]], "fy": 907.3232545158436, "fx": 907.3232545158436}, {"id": 38, "img_name": 38, "width": 512, "height": 512, "position": [3.2542177324328536, 1.2884358482406182, -1.5298986260835436e-07], "rotation": [[-0.36812454417311447, -4.064182123907865e-08, -0.9297764886046461], [0.9297764886046477, -1.6091234570491804e-08, -0.36812454417311374], [3.417354406251653e-16, -0.999999999999998, 4.371138943056064e-08]], "fy": 907.3232545158436, "fx": 907.3232545158436}, {"id": 39, "img_name": 39, "width": 512, "height": 512, "position": [3.2930826982743167, 1.1855826917008225, -1.5298985563637588e-07], "rotation": [[-0.33873790437660606, -4.112720474288494e-08, -0.9408807736493355], [0.9408807736493373, -1.4806704303481367e-08, -0.33873790437660545], [-2.5278406529835414e-16, -0.999999999999998, 4.3711388213661564e-08]], "fy": 907.3232545158436, "fx": 907.3232545158436}, {"id": 40, "img_name": 40, "width": 512, "height": 512, "position": [3.3286978652795858, 1.0815592506340599, -1.5298985509488137e-07], "rotation": [[-0.30901694829233384, -4.157200172321162e-08, -0.9510564646463633], [0.9510565242510048, -1.3507559807306191e-08, -0.3090169184900132], [-5.79652022586768e-16, -0.999999999999998, 4.37113849466442e-08]], "fy": 907.3232545158436, "fx": 907.3232545158436}, {"id": 41, "img_name": 41, "width": 512, "height": 512, "position": [3.361027953642622, 0.9764681715426533, -1.529898535770649e-07], "rotation": [[-0.278990939483846, -4.197577366648178e-08, -0.9602937622940514], [0.9602937622940533, -1.2195080755860849e-08, -0.27899093948384546], [-8.26756611927671e-16, -0.999999999999998, 4.371139137038834e-08]], "fy": 907.3232545158436, "fx": 907.3232545158436}, {"id": 42, "img_name": 42, "width": 512, "height": 512, "position": [3.3900411776293344, 0.8704148282339675, -1.529898562213185e-07], "rotation": [[-0.2486899544439606, -4.2338116654355354e-08, -0.9685831262014635], [0.9685831858061112, -1.0870583020448455e-08, -0.24868993954279864], [-5.150252645228044e-16, -0.999999999999998, 4.37113851151526e-08]], "fy": 907.3232545158436, "fx": 907.3232545158436}, {"id": 43, "img_name": 43, "width": 512, "height": 512, "position": [3.4157088901515023, 0.7635010090957871, -1.5298985980876478e-07], "rotation": [[-0.2181431533509983, -4.2658679213897483e-08, -0.9759168239928182], [0.9759168239928202, -9.53534014627646e-09, -0.21814315335099785], [-1.3705036579315047e-16, -0.999999999999998, 4.3711389229509237e-08]], "fy": 907.3232545158436, "fx": 907.3232545158436}, {"id": 44, "img_name": 44, "width": 512, "height": 512, "position": [3.4380055687180726, 0.6558343350558742, -1.5298985766887974e-07], "rotation": [[-0.1873812376139662, -4.293713834234689e-08, -0.9822873055337117], [0.9822873055337137, -8.190693312588524e-09, -0.18738123761396586], [-9.389440343255041e-17, -0.999999999999998, 4.371138815436848e-08]], "fy": 907.3232545158436, "fx": 907.3232545158436}, {"id": 45, "img_name": 45, "width": 512, "height": 512, "position": [3.45690930372111, 0.547520714031491, -1.529898591061875e-07], "rotation": [[-0.15643448744025, -4.3173229981139494e-08, -0.9876883728533428], [0.9876883728533447, -6.8379685647940695e-09, -0.15643448744024968], [-2.9504594817535094e-16, -0.999999999999998, 4.37113881845924e-08]], "fy": 907.3232545158436, "fx": 907.3232545158436}, {"id": 46, "img_name": 46, "width": 512, "height": 512, "position": [3.47240152336807, 0.4386658441151837, -1.5298985339239968e-07], "rotation": [[-0.1253331066660363, -4.3366712318277475e-08, -0.9921146531292347], [0.9921147127338772, -5.478484156224722e-09, -0.12533309176487592], [-2.8067112385063334e-16, -0.999999999999998, 4.3711384930915305e-08]], "fy": 907.3232545158436, "fx": 907.3232545158436}, {"id": 47, "img_name": 47, "width": 512, "height": 512, "position": [3.4844669080694453, 0.3293790528006065, -1.5298986028799882e-07], "rotation": [[-0.09410831301112381, -4.351739952235506e-08, -0.9955619732841399], [0.995562032888791, -4.113604938517347e-09, -0.09410830556054246], [-2.5279160262553446e-16, -0.999999999999998, 4.371138894081335e-08]], "fy": 907.3232545158436, "fx": 907.3232545158436}, {"id": 48, "img_name": 48, "width": 512, "height": 512, "position": [3.493093583357196, 0.21976630595793634, -1.529898592180779e-07], "rotation": [[-0.06279038009016645, -4.362513722455539e-08, -0.9980268059184955], [0.9980268059184974, -2.744654836122208e-09, -0.06279038009016633], [7.213390466276797e-17, -0.999999999999998, 4.371139254436438e-08]], "fy": 907.3232545158436, "fx": 907.3232545158436}, {"id": 49, "img_name": 49, "width": 512, "height": 512, "position": [3.498272824792945, 0.10993755103584885, -1.5298985845739777e-07], "rotation": [[-0.031410729421088864, -4.368982417797138e-08, -0.9995065895052375], [0.9995065895052394, -1.3730067655190798e-09, -0.0314107294210888], [-3.3814569596306285e-17, -0.999999999999998, 4.371139343957842e-08]], "fy": 907.3232545158436, "fx": 907.3232545158436}, {"id": 50, "img_name": 50, "width": 512, "height": 512, "position": [3.4999999999999867, -1.5298986255629582e-07, -1.5298985545086875e-07], "rotation": [[4.371138828673784e-08, -4.371138828673776e-08, -0.9999999999999962], [0.999999999999998, 1.910685465164697e-15, 4.371138828673776e-08], [-7.892648020044818e-25, -0.999999999999998, 4.371138828673784e-08]], "fy": 907.3232545158436, "fx": 907.3232545158436}, {"id": 51, "img_name": 51, "width": 512, "height": 512, "position": [3.498272805144252, -0.10993786334272802, -1.5298984602658206e-07], "rotation": [[0.03141081865163643, -4.368982038229987e-08, -0.9995065838913249], [0.9995065838913268, 1.3730105326424108e-09, 0.03141081865163636], [1.2309669727434251e-16, -0.999999999999998, 4.371138988791654e-08]], "fy": 907.3232545158436, "fx": 907.3232545158436}, {"id": 52, "img_name": 52, "width": 512, "height": 512, "position": [3.4930935401687626, -0.2197666534180382, -1.529898592454706e-07], "rotation": [[0.06279047618397844, -4.362513669485867e-08, -0.9980267937790426], [0.9980267937790446, 2.744659021644705e-09, 0.06279047618397832], [-8.70352400687965e-17, -0.999999999999998, 4.371139254342686e-08]], "fy": 907.3232545158436, "fx": 907.3232545158436}, {"id": 53, "img_name": 53, "width": 512, "height": 512, "position": [3.4844667692598583, -0.329379791094261, -1.529898602711932e-07], "rotation": [[0.09410851228182118, -4.351739426000771e-08, -0.9955619340231431], [0.9955619340231447, 4.113613738085518e-09, 0.094108512281821], [1.672180653382878e-17, -0.999999999999998, 4.3711388918498194e-08]], "fy": 907.3232545158436, "fx": 907.3232545158436}, {"id": 54, "img_name": 54, "width": 512, "height": 512, "position": [3.472401630006788, -0.43866628627252396, -1.5298985025503316e-07], "rotation": [[0.12533322252019843, -4.336671366745882e-08, -0.9921146849209272], [0.9921147445255751, 5.478489540785833e-09, 0.12533320761903669], [2.817750459876494e-16, -0.999999999999998, 4.371138397621349e-08]], "fy": 907.3232545158436, "fx": 907.3232545158436}, {"id": 55, "img_name": 55, "width": 512, "height": 512, "position": [3.456909228894512, -0.5475209256975451, -1.5298985877035024e-07], "rotation": [[0.15643455829948397, -4.317322553895042e-08, -0.9876883498297735], [0.9876883498297754, 6.837970644361182e-09, 0.15643455829948366], [1.487419035130411e-16, -0.999999999999998, 4.371138816142012e-08]], "fy": 907.3232545158436, "fx": 907.3232545158436}, {"id": 56, "img_name": 56, "width": 512, "height": 512, "position": [3.438005224955959, -0.6558345518245311, -1.52989857735508e-07], "rotation": [[0.18738132074246985, -4.293714042013965e-08, -0.9822872726208168], [0.9822872726208187, 8.190697472124642e-09, 0.1873813207424695], [-4.846548043457144e-17, -0.999999999999998, 4.3711391743988705e-08]], "fy": 907.3232545158436, "fx": 907.3232545158436}, {"id": 57, "img_name": 57, "width": 512, "height": 512, "position": [3.4157086672437944, -0.7635014294455905, -1.5298985668122228e-07], "rotation": [[0.21814328659322685, -4.2658679327505804e-08, -0.975916827167876], [0.975916827167878, 9.535346083118518e-09, 0.21814328659322646], [-3.1588192570777006e-16, -0.999999999999998, 4.371139179796386e-08]], "fy": 907.3232545158436, "fx": 907.3232545158436}, {"id": 58, "img_name": 58, "width": 512, "height": 512, "position": [3.3900410163536026, -0.8704146960089151, -1.5298984657166232e-07], "rotation": [[0.24868991267121351, -4.2338114585166155e-08, -0.9685830811482128], [0.968583140752854, 1.087058158338932e-08, 0.24868989777005315], [7.330005341628551e-17, -0.999999999999998, 4.3711382311826963e-08]], "fy": 907.3232545158436, "fx": 907.3232545158436}, {"id": 59, "img_name": 59, "width": 512, "height": 512, "position": [3.3610279547690354, -0.976468605007516, -1.5298985357133634e-07], "rotation": [[0.27899104013559606, -4.197577065791835e-08, -0.9602936984185435], [0.9602936984185453, 1.2195085900605324e-08, 0.27899104013559556], [2.256782671021456e-16, -0.999999999999998, 4.371138749614756e-08]], "fy": 907.3232545158436, "fx": 907.3232545158436}, {"id": 60, "img_name": 60, "width": 512, "height": 512, "position": [3.3286975808320496, -1.081560012795429, -1.5298984967296802e-07], "rotation": [[0.30901714266205876, -4.1571997823160626e-08, -0.9510564529175409], [0.9510564529175428, 1.3507568534601586e-08, 0.30901714266205815], [2.3599237364712685e-16, -0.999999999999998, 4.371138657840097e-08]], "fy": 907.3232545158436, "fx": 907.3232545158436}, {"id": 61, "img_name": 61, "width": 512, "height": 512, "position": [3.2930827559936104, -1.18558292229867, -1.5298985453257448e-07], "rotation": [[0.338737995682192, -4.112720224045584e-08, -0.9408807193183064], [0.9408807789229531, 1.4806707346142412e-08, 0.3387379658798689], [2.8617452828640616e-16, -0.999999999999998, 4.3711384449738294e-08]], "fy": 907.3232545158436, "fx": 907.3232545158436}, {"id": 62, "img_name": 62, "width": 512, "height": 512, "position": [3.254217716198524, -1.2884362075320823, -1.5298986194503648e-07], "rotation": [[0.3681246284252206, -4.064182147645466e-08, -0.9297764912523702], [0.9297764912523719, 1.609123794604008e-08, 0.36812462842521987], [8.877816432370126e-16, -0.999999999999998, 4.3711388898501155e-08]], "fy": 907.3232545158436, "fx": 907.3232545158436}, {"id": 63, "img_name": 63, "width": 512, "height": 512, "position": [3.2121410587016355, -1.3900178804940329, -1.5298985241805233e-07], "rotation": [[0.39714797971687865, -4.0116326802932234e-08, -0.9177545822020851], [0.9177545822020867, 1.735988976045632e-08, 0.3971479797168779], [2.307352664557127e-16, -0.999999999999998, 4.3711387300358255e-08]], "fy": 907.3232545158436, "fx": 907.3232545158436}, {"id": 64, "img_name": 64, "width": 512, "height": 512, "position": [3.166894527334656, -1.4902278650321679, -1.529898629812379e-07], "rotation": [[0.4257794035413644, -3.9551244472679754e-08, -0.9048270014421427], [0.9048270014421445, 1.8611408662008954e-08, 0.42577940354136357], [-1.8863635518801993e-16, -0.999999999999998, 4.371138992319342e-08]], "fy": 907.3232545158436, "fx": 907.3232545158436}, {"id": 65, "img_name": 65, "width": 512, "height": 512, "position": [3.1185229599959396, -1.5889664079991366, -1.529898551079302e-07], "rotation": [[0.4539903886367747, -3.894713398061473e-08, -0.8910065669531948], [0.8910065669531965, 1.984455022191562e-08, 0.4539903886367739], [7.381150958006168e-17, -0.999999999999998, 4.371138868304584e-08]], "fy": 907.3232545158436, "fx": 907.3232545158436}, {"id": 66, "img_name": 66, "width": 512, "height": 512, "position": [3.0670730520099734, -1.6861382004453445, -1.529898568053417e-07], "rotation": [[0.4817537944940595, -3.8304581260003156e-08, -0.8763065900621229], [0.876306649666769, 2.10581266139523e-08, 0.48175376469173636], [1.5438414000560828e-16, -0.999999999999998, 4.3711388910237194e-08]], "fy": 907.3232545158436, "fx": 907.3232545158436}, {"id": 67, "img_name": 67, "width": 512, "height": 512, "position": [3.012596896717702, -1.7816455003036624, -1.529898613527147e-07], "rotation": [[0.5090415789770414, -3.762422624405176e-08, -0.8607419660779283], [0.86074196607793, 2.2250914197086426e-08, 0.5090415789770404], [-1.2282878445219614e-15, -0.999999999999998, 4.3711389332242786e-08]], "fy": 907.3232545158436, "fx": 907.3232545158436}, {"id": 68, "img_name": 68, "width": 512, "height": 512, "position": [2.9551475232113984, -1.875394331366321, -1.529898547598387e-07], "rotation": [[0.5358269556712288, -3.690674303118292e-08, -0.844327861329954], [0.8443278613299557, 2.3421740045650112e-08, 0.5358269556712277], [-1.07300149824551e-15, -0.999999999999998, 4.371138777504166e-08]], "fy": 907.3232545158436, "fx": 907.3232545158436}, {"id": 69, "img_name": 69, "width": 512, "height": 512, "position": [2.8947813771952773, -1.9672924124869364, -1.5298985273656742e-07], "rotation": [[0.5620835403740926, -3.6152832227630263e-08, -0.8270803975964507], [0.8270803975964524, 2.456945214193726e-08, 0.5620835403740915], [-9.049317848900002e-16, -0.999999999999998, 4.371138864394945e-08]], "fy": 907.3232545158436, "fx": 907.3232545158436}, {"id": 70, "img_name": 70, "width": 512, "height": 512, "position": [2.8315592237081497, -2.0572483201138088, -1.5298985830555952e-07], "rotation": [[0.5877852419203672, -3.536325971771712e-08, -0.8090169997366452], [0.8090169997366465, 2.5692910149651774e-08, 0.5877852419203661], [-1.0844966160406316e-15, -0.999999999999998, 4.371139297914004e-08]], "fy": 907.3232545158436, "fx": 907.3232545158436}, {"id": 71, "img_name": 71, "width": 512, "height": 512, "position": [2.7655420306537737, -2.1451753514096397, -1.5298986449292352e-07], "rotation": [[0.6129072314348261, -3.4538767054398564e-08, -0.7901548750735486], [0.7901548750735502, 2.6791025328018392e-08, 0.6129072314348248], [-8.213311102983246e-16, -0.999999999999998, 4.3711389891713546e-08]], "fy": 907.3232545158436, "fx": 907.3232545158436}, {"id": 72, "img_name": 72, "width": 512, "height": 512, "position": [2.696795734778179, -2.2309847693946745, -1.529898523581506e-07], "rotation": [[0.6374241581151996, -3.368019397990944e-08, -0.7705130297238996], [0.7705130297239011, 2.78626951716624e-08, 0.6374241581151983], [3.34407520639413e-17, -0.999999999999998, 4.371138387881817e-08]], "fy": 907.3232545158436, "fx": 907.3232545158436}, {"id": 73, "img_name": 73, "width": 512, "height": 512, "position": [2.6253889819999805, -2.314591335900031, -1.5298985835703716e-07], "rotation": [[0.6613118246303877, -3.278840111900596e-08, -0.7501111250425709], [0.7501111250425722, 2.89068605109717e-08, 0.6613118246303864], [-1.0438542131226292e-15, -0.999999999999998, 4.371138985549295e-08]], "fy": 907.3232545158436, "fx": 907.3232545158436}, {"id": 74, "img_name": 74, "width": 512, "height": 512, "position": [2.5513901710201115, -2.39591485259014, -1.5298984416962432e-07], "rotation": [[0.6845471143144519, -3.186423148868513e-08, -0.7289686075442399], [0.7289686075442412, 2.992250297275975e-08, 0.6845471143144506], [4.286389066696174e-17, -0.999999999999998, 4.371138582789094e-08]], "fy": 907.3232545158436, "fx": 907.3232545158436}, {"id": 75, "img_name": 75, "width": 512, "height": 512, "position": [2.4748739450959687, -2.4748739450959696, -1.5298986588956544e-07], "rotation": [[0.7071068528928167, -3.0908619601609045e-08, -0.7071067932881635], [0.7071068528928167, 3.0908619601609045e-08, 0.7071067932881635], [-0.0, -0.999999999999998, 4.371138987073239e-08]], "fy": 907.3232545158436, "fx": 907.3232545158436}, {"id": 76, "img_name": 76, "width": 512, "height": 512, "position": [2.395914698874472, -2.551390184209547, -1.5298985040167645e-07], "rotation": [[0.7289686670312712, -2.9922504109295444e-08, -0.6845471105718438], [0.6845471105718451, 3.186423286804216e-08, 0.72896866703127], [4.898798506832985e-16, -0.999999999999998, 4.371139020122806e-08]], "fy": 907.3232545158436, "fx": 907.3232545158436}, {"id": 77, "img_name": 77, "width": 512, "height": 512, "position": [2.3145909327691663, -2.6253892880148477, -1.5298985349880888e-07], "rotation": [[0.7501112283709367, -2.890685209518299e-08, -0.6613116914201784], [0.6613116914201796, 3.278840318540625e-08, 0.7501112283709355], [3.6053110366931966e-17, -0.999999999999998, 4.371138853352996e-08]], "fy": 907.3232545158436, "fx": 907.3232545158436}, {"id": 78, "img_name": 78, "width": 512, "height": 512, "position": [2.230983879131586, -2.6967962980910336, -1.5298985572633276e-07], "rotation": [[0.7705133001307557, -2.786268686334476e-08, -0.6374239851735132], [0.6374239851735144, 3.368020641922689e-08, 0.7705133001307543], [-1.1238331367867467e-15, -0.999999999999998, 4.3711391850621795e-08]], "fy": 907.3232545158436, "fx": 907.3232545158436}, {"id": 79, "img_name": 79, "width": 512, "height": 512, "position": [2.1451745065714825, -2.765542707406292, -1.5298985573808553e-07], "rotation": [[0.7901550615325902, -2.679101536217163e-08, -0.6129069989463966], [0.6129069989463976, 3.45387750523257e-08, 0.790155061532589], [5.7258834973072e-16, -0.999999999999998, 4.3711389185115684e-08]], "fy": 907.3232545158436, "fx": 907.3232545158436}, {"id": 80, "img_name": 80, "width": 512, "height": 512, "position": [2.0572483201138088, -2.8315592237081497, -1.529898583055595e-07], "rotation": [[0.8090169997366465, -2.5692910149651774e-08, -0.5877852419203661], [0.5877852419203672, 3.536325971771711e-08, 0.809016999736645], [1.0844966156963466e-15, -0.999999999999998, 4.3711392979140037e-08]], "fy": 907.3232545158436, "fx": 907.3232545158436}, {"id": 81, "img_name": 81, "width": 512, "height": 512, "position": [1.9672915255732286, -2.894782271586194, -1.5298985798420597e-07], "rotation": [[0.8270806992903941, -2.4569443659531622e-08, -0.562083306762678], [0.5620833663673305, 3.6152845930099e-08, 0.8270806396857411], [-1.986297776951655e-15, -0.999999999999998, 4.371138860407681e-08]], "fy": 907.3232545158436, "fx": 907.3232545158436}, {"id": 82, "img_name": 82, "width": 512, "height": 512, "position": [1.875393055089436, -2.9551483668080034, -1.529898571532008e-07], "rotation": [[0.8443281274866501, -2.342172314619583e-08, -0.5358265182155764], [0.5358265778202237, 3.6906754857261626e-08, 0.8443280678820021], [1.0326782501824318e-16, -0.999999999999998, 4.3711385584828876e-08]], "fy": 907.3232545158436, "fx": 907.3232545158436}, {"id": 83, "img_name": 83, "width": 512, "height": 512, "position": [1.7816445759775839, -3.012597311015139, -1.5298985654743004e-07], "rotation": [[0.8607420888614699, -2.2250901321667452e-08, -0.5090413074221668], [0.5090413074221677, 3.7624232205669765e-08, 0.8607420888614682], [1.0700668800442776e-15, -0.999999999999998, 4.371138860004107e-08]], "fy": 907.3232545158436, "fx": 907.3232545158436}, {"id": 84, "img_name": 84, "width": 512, "height": 512, "position": [1.6861382118881447, -3.0670730457192383, -1.529898571191322e-07], "rotation": [[0.876306649666769, -2.105812761431371e-08, -0.48175376469173625], [0.48175379449405936, 3.830458071004966e-08, 0.8763065900621227], [-1.5438414580267196e-16, -0.999999999999998, 4.371138891023719e-08]], "fy": 907.3232545158436, "fx": 907.3232545158436}, {"id": 85, "img_name": 85, "width": 512, "height": 512, "position": [1.588966358518259, -3.1185230383553284, -1.5298985465101372e-07], "rotation": [[0.8910065910637768, -1.9844549080174966e-08, -0.45399037111940216], [0.453990371119403, 3.894713522611949e-08, 0.8910065910637752], [3.4821905957322727e-16, -0.999999999999998, 4.37113884680106e-08]], "fy": 907.3232545158436, "fx": 907.3232545158436}, {"id": 86, "img_name": 86, "width": 512, "height": 512, "position": [1.4902270346040418, -3.1668948935413606, -1.529898550203148e-07], "rotation": [[0.9048271091599507, -1.8611398449170502e-08, -0.42577915971530406], [0.42577915971530483, 3.9551248971709005e-08, 0.904827109159949], [-3.033218631370539e-16, -0.999999999999998, 4.3711388322197574e-08]], "fy": 907.3232545158436, "fx": 907.3232545158436}, {"id": 87, "img_name": 87, "width": 512, "height": 512, "position": [1.3900172571488751, -3.21214148696639, -1.5298985704853735e-07], "rotation": [[0.9177547137383054, -1.735987902751384e-08, -0.3971477466326376], [0.39714777643496085, 4.0116330182790265e-08, 0.9177546541336588], [5.233982877474659e-16, -0.999999999999998, 4.371138516733489e-08]], "fy": 907.3232545158436, "fx": 907.3232545158436}, {"id": 88, "img_name": 88, "width": 512, "height": 512, "position": [1.2884353998558216, -3.254217907837141, -1.529898533548246e-07], "rotation": [[0.9297765471601727, -1.6091228418882533e-08, -0.3681243947461264], [0.36812439474612707, 4.0641823648148805e-08, 0.929776547160171], [-6.702063160982667e-17, -0.999999999999998, 4.3711386790217965e-08]], "fy": 907.3232545158436, "fx": 907.3232545158436}, {"id": 89, "img_name": 89, "width": 512, "height": 512, "position": [1.1855829590367253, -3.293082735537244, -1.529898627920039e-07], "rotation": [[0.9408807815820717, -1.4806708024071966e-08, -0.33873798829620727], [0.3387379882962079, 4.1127205070789194e-08, 0.9408807815820698], [1.4097969224805632e-15, -0.999999999999998, 4.3711390384205025e-08]], "fy": 907.3232545158436, "fx": 907.3232545158436}, {"id": 90, "img_name": 90, "width": 512, "height": 512, "position": [1.0815595806957696, -3.3286976061087574, -1.5298984971252653e-07], "rotation": [[0.9510565229870257, -1.3507563558652835e-08, -0.30901704621973086], [0.3090170462197314, 4.157200113303826e-08, 0.951056522987024], [-7.150802786853948e-16, -0.999999999999998, 4.3711390469610444e-08]], "fy": 907.3232545158436, "fx": 907.3232545158436}, {"id": 91, "img_name": 91, "width": 512, "height": 512, "position": [0.9764682447795434, -3.361028220302535, -1.5298985686176762e-07], "rotation": [[0.9602937749178738, -1.2195079874848071e-08, -0.2789908960323409], [0.2789909258346639, 4.1975771317037703e-08, 0.9602937153132268], [1.3921620108473614e-17, -0.999999999999998, 4.371138471340749e-08]], "fy": 907.3232545158436, "fx": 907.3232545158436}, {"id": 92, "img_name": 92, "width": 512, "height": 512, "position": [0.8704138255872345, -3.390041234723802, -1.5298984490599114e-07], "rotation": [[0.9685832104615657, -1.0870569753504312e-08, -0.2486896623484732], [0.24868966234847364, 4.233811696490348e-08, 0.9685832104615637], [-2.224467305080174e-16, -0.999999999999998, 4.371138601807005e-08]], "fy": 907.3232545158436, "fx": 907.3232545158436}, {"id": 93, "img_name": 93, "width": 512, "height": 512, "position": [0.76350130052673, -3.41570849910213, -1.5298984767215426e-07], "rotation": [[0.9759167795805855, -9.535344158874477e-09, -0.21814324773182414], [0.21814324773182456, 4.265867729781743e-08, 0.9759167795805838], [-2.1344594996097885e-17, -0.999999999999998, 4.371138920364595e-08]], "fy": 907.3232545158436, "fx": 907.3232545158436}, {"id": 94, "img_name": 94, "width": 512, "height": 512, "position": [0.6558345105218916, -3.4380052427837775, -1.529898576412136e-07], "rotation": [[0.9822872781063021, -8.190696638001762e-09, -0.18738130688771948], [0.18738130688771984, 4.2937140703508833e-08, 0.9822872781063002], [2.8109853928698993e-16, -0.999999999999998, 4.3711391699611583e-08]], "fy": 907.3232545158436, "fx": 907.3232545158436}, {"id": 95, "img_name": 95, "width": 512, "height": 512, "position": [0.5475205784873033, -3.456909341709986, -1.5298985859211696e-07], "rotation": [[0.9876883820627695, -6.837967065976246e-09, -0.1564344590965547], [0.15643445909655498, 4.317323042485648e-08, 0.9876883820627677], [1.727785366240117e-16, -0.999999999999998, 4.371138811049627e-08]], "fy": 907.3232545158436, "fx": 907.3232545158436}, {"id": 96, "img_name": 96, "width": 512, "height": 512, "position": [0.43866545208320096, -3.472401632190368, -1.5298985344072068e-07], "rotation": [[0.9921148047540967, -5.4784784526915065e-09, -0.12533296927926596], [0.12533298418042774, 4.336671377936124e-08, 0.9921146855448025], [7.162426064123746e-17, -0.999999999999998, 4.37113848864101e-08]], "fy": 907.3232545158436, "fx": 907.3232545158436}, {"id": 97, "img_name": 97, "width": 512, "height": 512, "position": [0.32937811366631864, -3.4844668485672825, -1.5298985909315813e-07], "rotation": [[0.9955620247695819, -4.113593268318834e-09, -0.09410803657213171], [0.09410803657213189, 4.351740176456906e-08, 0.99556202476958], [2.223699962713133e-17, -0.999999999999998, 4.371139248336657e-08]], "fy": 907.3232545158436, "fx": 907.3232545158436}, {"id": 98, "img_name": 98, "width": 512, "height": 512, "position": [0.21976663125723458, -3.4930935432036287, -1.5298985927846972e-07], "rotation": [[0.9980267947128493, -2.7446585805903516e-09, -0.06279046879214677], [0.06279046879214689, 4.362513674309718e-08, 0.9980267947128476], [-1.639092256819905e-17, -0.999999999999998, 4.3711392549933884e-08]], "fy": 907.3232545158436, "fx": 907.3232545158436}, {"id": 99, "img_name": 99, "width": 512, "height": 512, "position": [0.1099373948824073, -3.4982728346172713, -1.529898584525221e-07], "rotation": [[0.9995065923121897, -1.3730046600492733e-09, -0.031410